111479508;41.14048;-8.616322;-0.1503832;0.7180369
111479503;41.14239;-8.620086;-0.1504489;0.7180702
111479504;41.14158;-8.618849;-0.1504273;0.7180561
111479505;41.1415;-8.618714;-0.1504249;0.7180546
285910556;41.14182;-8.614489;-0.1503512;0.7180601
286969390;41.14361;-8.615179;-0.1503632;0.7180914
286969393;41.14311;-8.615649;-0.1503714;0.7180828
286969391;41.14332;-8.615434;-0.1503677;0.7180864
286969394;41.14297;-8.615945;-0.1503766;0.7180803
286969395;41.14293;-8.616122;-0.1503797;0.7180796
286969778;41.14059;-8.61371;-0.1503376;0.7180389
286969936;41.14251;-8.615276;-0.1503649;0.7180723
475549048;41.14318;-8.61552;-0.1503692;0.718084
475552091;41.14248;-8.616929;-0.1503938;0.7180718
475556853;41.14244;-8.618762;-0.1504258;0.718071
475556854;41.14238;-8.618634;-0.1504235;0.71807
475556852;41.14268;-8.61945;-0.1504378;0.7180753
111481848;41.14166;-8.615314;-0.1503656;0.7180574
286969400;41.14311;-8.617342;-0.150401;0.7180827
1107381197;41.14281;-8.619873;-0.1504452;0.7180776
122549700;41.14426;-8.623574;-0.1505098;0.7181029
112686789;41.14125;-8.610816;-0.1502871;0.7180502
476009975;41.14271;-8.613694;-0.1503373;0.7180758
475876246;41.14346;-8.611956;-0.150307;0.7180889
475555175;41.14266;-8.616134;-0.1503799;0.7180749
475555174;41.14275;-8.615684;-0.150372;0.7180765
286969389;41.14395;-8.614964;-0.1503595;0.7180974
286969392;41.14323;-8.615467;-0.1503683;0.7180849
475737524;41.14447;-8.61426;-0.1503472;0.7181066
286969939;41.14236;-8.615832;-0.1503746;0.7180696
1277590623;41.14063;-8.613535;-0.1503346;0.7180395
1279795688;41.14251;-8.616706;-0.1503899;0.7180723
1279795690;41.14302;-8.615801;-0.1503741;0.7180812
1279795709;41.14277;-8.615468;-0.1503683;0.7180768
1296455172;41.14097;-8.617385;-0.1504017;0.7180454
111479500;41.14343;-8.621334;-0.1504707;0.7180884
286970022;41.14072;-8.615488;-0.1503686;0.7180411
111479501;41.14316;-8.620948;-0.1504639;0.7180836
111479502;41.14257;-8.620356;-0.1504536;0.7180734
111479510;41.14054;-8.616021;-0.1503779;0.7180378
674753639;41.14377;-8.622044;-0.150483;0.7180943
476018885;41.14138;-8.611681;-0.1503022;0.7180526
1827037245;41.14414;-8.623159;-0.1505025;0.7181007
1827037244;41.14395;-8.622534;-0.1504916;0.7180973
2204347232;41.14062;-8.613407;-0.1503323;0.7180393
2204446861;41.14278;-8.613613;-0.1503359;0.718077
2204446907;41.1431;-8.613151;-0.1503278;0.7180827
2204446947;41.14335;-8.612165;-0.1503106;0.718087
2204446939;41.14272;-8.614015;-0.1503429;0.718076
2204447000;41.14326;-8.612348;-0.1503138;0.7180854
2204446977;41.14318;-8.612818;-0.150322;0.718084
2204446981;41.14317;-8.612988;-0.150325;0.7180839
2204446983;41.1431;-8.613116;-0.1503272;0.7180827
2204446937;41.14283;-8.613525;-0.1503344;0.7180778
2204446921;41.1432;-8.612597;-0.1503182;0.7180843
2204447002;41.14324;-8.612422;-0.1503151;0.7180851
2205918283;41.14132;-8.611324;-0.150296;0.7180516
2205918409;41.14248;-8.613224;-0.1503291;0.7180717
2205918468;41.14277;-8.613461;-0.1503332;0.7180767
2205918495;41.14251;-8.613251;-0.1503296;0.7180722
2205918506;41.14136;-8.611552;-0.1502999;0.7180522
2205918681;41.14267;-8.613387;-0.150332;0.718075
2205918807;41.14254;-8.613288;-0.1503302;0.7180728
2205918851;41.14262;-8.613346;-0.1503312;0.7180741
111481564;41.14124;-8.614502;-0.1503514;0.7180501
2080756633;41.14115;-8.614278;-0.1503475;0.7180486
286970027;41.14129;-8.617109;-0.1503969;0.718051
475550561;41.14431;-8.614497;-0.1503513;0.7181037
286969398;41.14297;-8.616913;-0.1503935;0.7180803
286969397;41.14293;-8.616579;-0.1503877;0.7180795
286969396;41.14292;-8.616286;-0.1503826;0.7180794
286969399;41.14308;-8.61717;-0.150398;0.7180822
475552092;41.14255;-8.617055;-0.150396;0.718073
111479498;41.1436;-8.62163;-0.1504758;0.7180912
111481561;41.14165;-8.614509;-0.1503515;0.7180572
111479507;41.1405;-8.616468;-0.1503857;0.7180372
111479509;41.14049;-8.616189;-0.1503809;0.718037
111479506;41.14054;-8.616597;-0.150388;0.7180378
476010141;41.14156;-8.613044;-0.150326;0.7180557
2204446866;41.14307;-8.613203;-0.1503288;0.7180821
2204446953;41.14302;-8.613302;-0.1503305;0.7180811
2204446974;41.14289;-8.613452;-0.1503331;0.7180789
286969779;41.14052;-8.614085;-0.1503441;0.7180375
286969938;41.14242;-8.61565;-0.1503715;0.7180706
286969940;41.14215;-8.616264;-0.1503822;0.718066
111481288;41.14142;-8.613446;-0.150333;0.7180533
111481563;41.14128;-8.614496;-0.1503513;0.7180508
111481849;41.14095;-8.615317;-0.1503657;0.718045
129558976;41.14278;-8.615279;-0.150365;0.718077
286969970;41.14167;-8.616755;-0.1503907;0.7180576
475555187;41.14189;-8.616536;-0.1503869;0.7180614
286969943;41.14092;-8.617435;-0.1504026;0.7180445
137868887;41.14466;-8.611577;-0.1503004;0.7181098
129559334;41.14274;-8.614152;-0.1503453;0.7180762
1788784885;41.14222;-8.619823;-0.1504443;0.7180672
2206194705;41.14235;-8.61305;-0.1503261;0.7180695
2206349297;41.14157;-8.612869;-0.1503229;0.7180558
2206589844;41.14121;-8.614513;-0.1503516;0.7180495
2207399542;41.14165;-8.614697;-0.1503548;0.7180573
2207402779;41.14082;-8.615197;-0.1503635;0.7180427
2207418923;41.14108;-8.61459;-0.150353;0.7180473
2207418896;41.14116;-8.614534;-0.150352;0.7180487
2207418929;41.14111;-8.614564;-0.1503525;0.7180479
2207418932;41.14102;-8.614639;-0.1503538;0.7180463
2207529787;41.14104;-8.613244;-0.1503295;0.7180467
2209932686;41.1418;-8.615276;-0.1503649;0.7180599
2207529793;41.14091;-8.613169;-0.1503282;0.7180443
2211241852;41.14284;-8.614625;-0.1503536;0.718078
2211264991;41.14272;-8.614183;-0.1503459;0.7180759
2211264998;41.14268;-8.614174;-0.1503457;0.7180753
2211299272;41.14061;-8.613255;-0.1503296;0.718039
2211312946;41.14039;-8.613111;-0.1503271;0.7180353
2211312949;41.1404;-8.613099;-0.1503269;0.7180355
2211312952;41.14041;-8.613091;-0.1503268;0.7180356
2211312953;41.14039;-8.613123;-0.1503274;0.7180352
2211312968;41.14037;-8.613141;-0.1503277;0.718035
2211312977;41.14042;-8.613084;-0.1503267;0.7180358
2213037941;41.14117;-8.617213;-0.1503987;0.7180488
2213112078;41.14202;-8.616959;-0.1503943;0.7180638
2213112085;41.14244;-8.617222;-0.1503989;0.7180711
2213112099;41.14159;-8.61725;-0.1503994;0.7180563
2213112107;41.14172;-8.617147;-0.1503976;0.7180585
2213112121;41.14245;-8.617519;-0.1504041;0.7180713
2213112135;41.14246;-8.617074;-0.1503963;0.7180713
2213131426;41.1422;-8.617773;-0.1504085;0.7180669
2213131428;41.14239;-8.617629;-0.150406;0.7180702
2213131437;41.14243;-8.617572;-0.150405;0.7180709
2213131459;41.14222;-8.617566;-0.1504049;0.7180672
2213131471;41.14223;-8.617732;-0.1504078;0.7180674
2213131472;41.1422;-8.617551;-0.1504046;0.7180669
2213131476;41.14241;-8.617606;-0.1504056;0.7180706
2213131477;41.14243;-8.617579;-0.1504051;0.7180709
2213131478;41.14245;-8.617556;-0.1504047;0.7180712
2213131480;41.14222;-8.617574;-0.150405;0.7180673
2213131485;41.14227;-8.617645;-0.1504063;0.7180681
2213131488;41.14224;-8.617686;-0.150407;0.7180676
2213131492;41.14222;-8.617758;-0.1504083;0.7180671
2213131498;41.14221;-8.617586;-0.1504053;0.718067
2213131500;41.14222;-8.617754;-0.1504082;0.7180673
2213131503;41.14225;-8.617675;-0.1504068;0.7180676
2213131506;41.14215;-8.617949;-0.1504116;0.718066
2213131516;41.14223;-8.617579;-0.1504051;0.7180675
2213131518;41.1422;-8.617787;-0.1504088;0.7180668
2213131520;41.14215;-8.618104;-0.1504143;0.718066
2213131522;41.14221;-8.617762;-0.1504083;0.718067
2213131527;41.14224;-8.617699;-0.1504072;0.7180675
2213131541;41.14223;-8.617747;-0.1504081;0.7180673
2213131556;41.14222;-8.61761;-0.1504057;0.7180673
2213131558;41.14229;-8.617645;-0.1504063;0.7180685
2213131562;41.14232;-8.617643;-0.1504063;0.718069
2213131564;41.14236;-8.61764;-0.1504062;0.7180696
2213131568;41.14224;-8.617628;-0.150406;0.7180675
2213131570;41.14219;-8.617537;-0.1504044;0.7180668
2213131573;41.14223;-8.617716;-0.1504075;0.7180675
2213131581;41.14226;-8.61766;-0.1504065;0.7180679
2213131481;41.14214;-8.618017;-0.1504128;0.7180657
2213131594;41.14218;-8.617507;-0.1504039;0.7180665
2213131611;41.14243;-8.617573;-0.150405;0.7180708
2213131616;41.14225;-8.617639;-0.1504062;0.7180678
2213131596;41.14217;-8.617483;-0.1504035;0.7180664
2213201788;41.14257;-8.618381;-0.1504191;0.7180734
2213201787;41.14245;-8.618245;-0.1504167;0.7180712
2213201790;41.14276;-8.618569;-0.1504224;0.7180766
2213201789;41.14295;-8.618743;-0.1504254;0.7180799
2213201792;41.14236;-8.618142;-0.150415;0.7180697
2213218028;41.14272;-8.617361;-0.1504013;0.718076
2213321409;41.14313;-8.617461;-0.1504031;0.7180831
2213321419;41.14301;-8.617437;-0.1504027;0.7180809
2213321420;41.14324;-8.617432;-0.1504026;0.718085
2213321426;41.14312;-8.617461;-0.1504031;0.718083
2213321429;41.14299;-8.617447;-0.1504028;0.7180807
2213321439;41.14345;-8.617438;-0.1504027;0.7180886
2213321440;41.14309;-8.617597;-0.1504054;0.7180823
2213321443;41.1434;-8.617391;-0.1504018;0.7180879
2213321446;41.14299;-8.617483;-0.1504035;0.7180807
2213321447;41.14299;-8.617464;-0.1504031;0.7180806
2213321452;41.14344;-8.617418;-0.1504023;0.7180886
2213321456;41.14342;-8.617393;-0.1504019;0.7180882
2213321459;41.14341;-8.617389;-0.1504018;0.718088
2213321473;41.14312;-8.617655;-0.1504065;0.718083
2213321475;41.14314;-8.617665;-0.1504066;0.7180831
2213321482;41.14307;-8.617574;-0.150405;0.7180821
2213321484;41.14311;-8.617458;-0.150403;0.7180828
2213321488;41.14301;-8.617501;-0.1504038;0.718081
2213321490;41.14316;-8.617664;-0.1504066;0.7180836
2213321493;41.14315;-8.617668;-0.1504067;0.7180834
2213321495;41.14302;-8.617434;-0.1504026;0.7180811
2213321498;41.14311;-8.61764;-0.1504062;0.7180828
2213321500;41.14344;-8.617469;-0.1504032;0.7180886
2213321502;41.14344;-8.617403;-0.1504021;0.7180884
2213321512;41.14345;-8.617453;-0.1504029;0.7180886
2213321514;41.14343;-8.617481;-0.1504034;0.7180884
2213218025;41.14268;-8.617333;-0.1504008;0.7180753
2213218013;41.1427;-8.617352;-0.1504012;0.7180756
2217981208;41.14243;-8.617593;-0.1504054;0.7180708
2255178540;41.14336;-8.618371;-0.150419;0.7180871
2255280883;41.14335;-8.618449;-0.1504203;0.7180869
2213201786;41.1429;-8.618742;-0.1504254;0.7180791
2213201785;41.14264;-8.618435;-0.1504201;0.7180746
2213201783;41.14329;-8.618496;-0.1504211;0.7180859
2213201784;41.14273;-8.618524;-0.1504216;0.7180761
2255280881;41.14337;-8.61841;-0.1504196;0.7180873
2213201795;41.14292;-8.618752;-0.1504256;0.7180794
2217981203;41.14214;-8.618042;-0.1504132;0.7180658
2256129231;41.14285;-8.619909;-0.1504458;0.7180781
2256129232;41.1429;-8.620057;-0.1504484;0.718079
2256129233;41.14291;-8.620015;-0.1504477;0.7180791
2256129242;41.14291;-8.619997;-0.1504473;0.7180793
2256129244;41.14291;-8.619979;-0.150447;0.7180791
2256269812;41.14085;-8.61517;-0.1503631;0.7180433
2256269823;41.14105;-8.615163;-0.150363;0.7180467
2258300905;41.14362;-8.621691;-0.1504769;0.7180917
2262128243;41.14077;-8.615316;-0.1503656;0.718042
2211264997;41.14275;-8.614223;-0.1503466;0.7180765
2211264990;41.14277;-8.614214;-0.1503464;0.7180767
2211265001;41.1428;-8.614138;-0.1503451;0.7180772
2211264995;41.14278;-8.614176;-0.1503457;0.7180769
2211286021;41.14043;-8.614516;-0.1503517;0.7180359
2211299275;41.14061;-8.613109;-0.1503271;0.718039
2213131483;41.14214;-8.617974;-0.150412;0.7180659
2211312992;41.14043;-8.613082;-0.1503266;0.7180361
2213099864;41.142;-8.616972;-0.1503945;0.7180634
2256269855;41.14089;-8.615163;-0.150363;0.718044
2211264999;41.14283;-8.614071;-0.1503439;0.7180778
2211241776;41.14276;-8.614246;-0.150347;0.7180766
2213131560;41.14214;-8.617997;-0.1504124;0.7180657
2356335539;41.14143;-8.61354;-0.1503346;0.7180535
2356335529;41.14137;-8.613506;-0.150334;0.7180524
2356335584;41.14143;-8.613495;-0.1503339;0.7180535
2356350474;41.1425;-8.61424;-0.1503468;0.7180721
2356335602;41.14114;-8.614239;-0.1503468;0.7180484
2356335615;41.14139;-8.613471;-0.1503334;0.7180527
2356335559;41.14114;-8.614192;-0.150346;0.7180484
2356376611;41.14161;-8.614807;-0.1503568;0.7180565
2356376617;41.14166;-8.615279;-0.150365;0.7180575
2356376621;41.14161;-8.615017;-0.1503604;0.7180566
2356335592;41.14119;-8.614261;-0.1503472;0.7180492
2356465227;41.14161;-8.616319;-0.1503831;0.7180566
2356465234;41.14162;-8.61663;-0.1503886;0.7180567
2356505216;41.14177;-8.61599;-0.1503774;0.7180594
2356505217;41.14146;-8.616324;-0.1503832;0.7180539
2356505218;41.14166;-8.616266;-0.1503822;0.7180575
2356505219;41.14185;-8.61612;-0.1503797;0.7180608
2356505220;41.14136;-8.616636;-0.1503887;0.7180521
2356505221;41.14138;-8.616339;-0.1503835;0.7180526
2356505222;41.14167;-8.61663;-0.1503886;0.7180575
2356505223;41.14135;-8.616354;-0.1503837;0.718052
2356505224;41.14166;-8.616319;-0.1503831;0.7180575
2356505225;41.14165;-8.615989;-0.1503774;0.7180573
2356503866;41.14172;-8.616266;-0.1503822;0.7180585
2356503904;41.14172;-8.61599;-0.1503774;0.7180584
2356465228;41.14164;-8.615374;-0.1503666;0.7180572
2356536980;41.1426;-8.614077;-0.150344;0.7180738
3387597039;41.14046;-8.614411;-0.1503498;0.7180366
3387597043;41.14061;-8.613153;-0.1503279;0.718039
3387597048;41.1408;-8.615229;-0.1503641;0.7180425
3387597049;41.1409;-8.613167;-0.1503281;0.7180442
3387597051;41.141;-8.614692;-0.1503547;0.7180459
3387597056;41.14271;-8.613729;-0.1503379;0.7180758
3387597057;41.14273;-8.614092;-0.1503443;0.7180761
3387597061;41.14308;-8.613728;-0.1503379;0.7180822
3387597069;41.14344;-8.612;-0.1503077;0.7180885
3387597070;41.14348;-8.613184;-0.1503284;0.7180892
3387597794;41.14427;-8.612109;-0.1503097;0.718103
2469350601;41.14221;-8.616184;-0.1503808;0.718067
2478887460;41.14143;-8.619173;-0.1504329;0.7180535
2478887464;41.14108;-8.618426;-0.1504199;0.7180473
2478887466;41.14125;-8.618564;-0.1504223;0.7180504
2478887468;41.14067;-8.617445;-0.1504028;0.7180401
2478887470;41.14112;-8.618513;-0.1504214;0.718048
2478887472;41.14129;-8.618263;-0.1504171;0.718051
2478887473;41.14118;-8.618588;-0.1504228;0.718049
2478887475;41.14137;-8.619182;-0.1504331;0.7180524
2478887477;41.14129;-8.618609;-0.1504231;0.718051
2478887479;41.14054;-8.616882;-0.150393;0.718038
2478887480;41.14111;-8.618289;-0.1504175;0.7180479
2478887482;41.14107;-8.618331;-0.1504183;0.7180471
2478887484;41.14112;-8.618269;-0.1504172;0.718048
2478887486;41.14106;-8.618344;-0.1504185;0.718047
2478887488;41.14053;-8.616865;-0.1503927;0.7180377
2478887490;41.1411;-8.618315;-0.150418;0.7180476
2478887491;41.14048;-8.61691;-0.1503935;0.7180369
2478887493;41.1412;-8.618582;-0.1504226;0.7180493
2478887495;41.1415;-8.619092;-0.1504315;0.7180546
2478887497;41.14133;-8.618346;-0.1504185;0.7180517
2478887499;41.1415;-8.619055;-0.1504309;0.7180546
2478887501;41.14116;-8.618582;-0.1504226;0.7180487
2478887503;41.14128;-8.618577;-0.1504225;0.7180507
2478887507;41.14122;-8.618567;-0.1504224;0.7180498
2478887509;41.14105;-8.618361;-0.1504188;0.7180468
2478887511;41.14112;-8.618222;-0.1504164;0.718048
2478887512;41.14112;-8.61825;-0.1504168;0.718048
2478887514;41.14114;-8.61856;-0.1504222;0.7180483
2478887516;41.14141;-8.61919;-0.1504332;0.7180531
2478887522;41.14139;-8.619195;-0.1504333;0.7180527
2478887524;41.1405;-8.616866;-0.1503927;0.7180371
2478887526;41.14102;-8.618419;-0.1504198;0.7180462
2478887527;41.14149;-8.619118;-0.150432;0.7180544
2478887528;41.14048;-8.616886;-0.150393;0.7180369
2478887529;41.14051;-8.616857;-0.1503925;0.7180374
2478887530;41.14106;-8.618381;-0.1504191;0.7180469
2478887531;41.14096;-8.61783;-0.1504095;0.7180452
2478900160;41.14249;-8.620232;-0.1504514;0.7180719
2356335549;41.14121;-8.614222;-0.1503465;0.7180496
3391597632;41.14269;-8.619477;-0.1504383;0.7180754
3391597633;41.1427;-8.619523;-0.1504391;0.7180756
3391597643;41.1434;-8.621284;-0.1504698;0.7180878
2915001115;41.14279;-8.619792;-0.1504437;0.7180771
2356350502;41.14249;-8.614022;-0.150343;0.718072
2915025624;41.14142;-8.616984;-0.1503948;0.7180532
2915025634;41.14252;-8.618345;-0.1504185;0.7180725
3392710660;41.14062;-8.615797;-0.150374;0.7180392
3392710674;41.14093;-8.615163;-0.150363;0.7180446
3392710676;41.1411;-8.615316;-0.1503656;0.7180477
3392710685;41.14138;-8.6145;-0.1503514;0.7180526
3392710689;41.14156;-8.61307;-0.1503264;0.7180556
3392710690;41.14162;-8.616319;-0.1503831;0.7180567
3392710691;41.14162;-8.61663;-0.1503886;0.7180568
3392710692;41.14165;-8.614911;-0.1503586;0.7180573
3392711295;41.1417;-8.61599;-0.1503774;0.7180581
3392711297;41.1417;-8.616266;-0.1503822;0.7180582
3392711299;41.14201;-8.616968;-0.1503945;0.7180635
3392711302;41.14284;-8.614599;-0.1503531;0.718078
3457190272;41.14283;-8.614704;-0.150355;0.7180779
3688773917;41.14425;-8.612137;-0.1503101;0.7181026
3688773918;41.14426;-8.612121;-0.1503099;0.7181028
